0.001 0.077881
0.006 0.077886
0.011 0.077892
0.016 0.077898
0.021 0.077905
0.026 0.077914
0.031 0.077922
0.036 0.077932
0.041 0.077943
0.046 0.077954
0.051 0.077966
0.056 0.077979
0.061 0.077993
0.066 0.078007
0.071 0.078022
0.076 0.078039
0.081 0.078055
0.086 0.078073
0.091 0.078092
0.096 0.078111
0.101 0.078131
0.106 0.078152
0.111 0.078173
0.116 0.078196
0.121 0.078219
0.126 0.078243
0.131 0.078268
0.136 0.078294
0.141 0.07832
0.146 0.078348
0.151 0.078376
0.156 0.078405
0.161 0.078434
0.166 0.078465
0.171 0.078496
0.176 0.078528
0.181 0.078561
0.186 0.078594
0.191 0.078629
0.196 0.078664
0.201 0.0787
0.206 0.078737
0.211 0.078774
0.216 0.078813
0.221 0.078852
0.226 0.078892
0.231 0.078932
0.236 0.078974
0.241 0.079016
0.246 0.079059
0.251 0.079102
0.256 0.079147
0.261 0.079192
0.266 0.079238
0.271 0.079284
0.276 0.079332
0.281 0.07938
0.286 0.079429
0.291 0.079478
0.296 0.079529
0.301 0.07958
0.306 0.079631
0.311 0.079684
0.316 0.079737
0.321 0.079791
0.326 0.079846
0.331 0.079901
0.336 0.079957
0.341 0.080013
0.346 0.080071
0.351 0.080129
0.356 0.080187
0.361 0.080247
0.366 0.080307
0.371 0.080367
0.376 0.080429
0.381 0.08049
0.386 0.080553
0.391 0.080616
0.396 0.08068
0.401 0.080744
0.406 0.080809
0.411 0.080875
0.416 0.080941
0.421 0.081007
0.426 0.081075
0.431 0.081142
0.436 0.081211
0.441 0.08128
0.446 0.081349
0.451 0.081419
0.456 0.081489
0.461 0.08156
0.466 0.081632
0.471 0.081704
0.476 0.081776
0.481 0.081849
0.486 0.081923
0.491 0.081997
0.496 0.082071
0.501 0.082147
0.506 0.082223
0.511 0.082299
0.516 0.082376
0.521 0.082454
0.526 0.082532
0.531 0.082612
0.536 0.082691
0.541 0.082772
0.546 0.082854
0.551 0.082936
0.556 0.08302
0.561 0.083104
0.566 0.083189
0.571 0.083276
0.576 0.083363
0.581 0.083452
0.586 0.083542
0.591 0.083633
0.596 0.083725
0.601 0.083819
0.606 0.083915
0.611 0.084011
0.616 0.084109
0.621 0.084209
0.626 0.08431
0.631 0.084413
0.636 0.084518
0.641 0.084624
0.646 0.084731
0.651 0.084841
0.656 0.084952
0.661 0.085064
0.666 0.085178
0.671 0.085294
0.676 0.085411
0.681 0.085529
0.686 0.085649
0.691 0.085771
0.696 0.085893
0.701 0.086017
0.706 0.086142
0.711 0.086268
0.716 0.086395
0.721 0.086523
0.726 0.086653
0.731 0.086784
0.736 0.086916
0.741 0.08705
0.746 0.087185
0.751 0.087321
0.756 0.087459
0.761 0.087599
0.766 0.087741
0.771 0.087884
0.776 0.08803
0.781 0.088178
0.786 0.088328
0.791 0.088481
0.796 0.088636
0.801 0.088794
0.806 0.088955
0.811 0.089119
0.816 0.089286
0.821 0.089455
0.826 0.089628
0.831 0.089804
0.836 0.089983
0.841 0.090164
0.846 0.090349
0.851 0.090535
0.856 0.090724
0.861 0.090914
0.866 0.091106
0.871 0.091299
0.876 0.091492
0.881 0.091685
0.886 0.091879
0.891 0.092072
0.896 0.092264
0.901 0.092456
0.906 0.092648
0.911 0.092838
0.916 0.093028
0.921 0.093218
0.926 0.093407
0.931 0.093596
0.936 0.093785
0.941 0.093975
0.946 0.094165
0.951 0.094356
0.956 0.094548
0.961 0.094742
0.966 0.094937
0.971 0.095135
0.976 0.095334
0.981 0.095536
0.986 0.095739
0.991 0.095944
0.996 0.09615
1.001 0.096357
1.006 0.096563
1.011 0.096768
1.016 0.09697
1.021 0.09717
1.026 0.097366
1.031 0.097558
1.036 0.097746
1.041 0.09793
1.046 0.098109
1.051 0.098285
1.056 0.098457
1.061 0.098627
1.066 0.098794
1.071 0.098958
1.076 0.099122
1.081 0.099285
1.086 0.099448
1.091 0.099611
1.096 0.099775
1.101 0.099941
1.106 0.100109
1.111 0.100278
1.116 0.100448
1.121 0.100617
1.126 0.100785
1.131 0.100949
1.136 0.101108
1.141 0.101261
1.146 0.101407
1.151 0.101547
1.156 0.10168
1.161 0.101806
1.166 0.101927
1.171 0.102042
1.176 0.102154
1.181 0.102261
1.186 0.102366
1.191 0.102469
1.196 0.102571
1.201 0.102674
1.206 0.102777
1.211 0.102882
1.216 0.102989
1.221 0.103096
1.226 0.103202
1.231 0.103304
1.236 0.103399
1.241 0.103487
1.246 0.103564
1.251 0.103631
1.256 0.103688
1.261 0.103734
1.266 0.10377
1.271 0.103797
1.276 0.103815
1.281 0.103825
1.286 0.103827
1.291 0.103824
1.296 0.103815
1.301 0.103801
1.306 0.103783
1.311 0.103762
1.316 0.103736
1.321 0.103705
1.326 0.103664
1.331 0.103612
1.336 0.103546
1.341 0.103462
1.346 0.10336
1.351 0.103239
1.356 0.103099
1.361 0.102938
1.366 0.102758
1.371 0.102559
1.376 0.102339
1.381 0.1021
1.386 0.101842
1.391 0.101564
1.396 0.101267
1.401 0.100952
1.406 0.100617
1.411 0.100264
1.416 0.099892
1.421 0.099502
1.426 0.099093
1.431 0.098665
1.436 0.098218
1.441 0.097753
1.446 0.097269
1.451 0.096767
1.456 0.096247
1.461 0.09571
1.466 0.095156
1.471 0.094586
1.476 0.094
1.481 0.093401
1.486 0.092788
1.491 0.092163
1.496 0.091528
1.501 0.090884
1.506 0.090232
1.511 0.089574
1.516 0.088911
1.521 0.088245
1.526 0.087578
1.531 0.08691
1.536 0.086243
1.541 0.08558
1.546 0.08492
1.551 0.084266
1.556 0.083619
1.561 0.08298
1.566 0.08235
1.571 0.08173
1.576 0.081123
1.581 0.080527
1.586 0.079945
1.591 0.079378
1.596 0.078825
1.601 0.078288
1.606 0.077768
1.611 0.077265
1.616 0.07678
1.621 0.076314
1.626 0.075868
1.631 0.075442
1.636 0.075039
1.641 0.074659
1.646 0.074304
1.651 0.073976
1.656 0.073677
1.661 0.07341
1.666 0.073175
1.671 0.072976
1.676 0.07281
1.681 0.072674
1.686 0.07256
1.691 0.072463
1.696 0.072379
1.701 0.072311
1.706 0.072259
1.711 0.072229
1.716 0.072225
1.721 0.072251
1.726 0.072315
1.731 0.072424
1.736 0.072588
1.741 0.072813
1.746 0.073085
1.751 0.073369
1.756 0.073647
1.761 0.073923
1.766 0.07421
1.771 0.074524
1.776 0.074882
1.781 0.075305
1.786 0.075819
1.791 0.076391
1.796 0.076933
1.801 0.077433
1.806 0.077925
1.811 0.078449
1.816 0.079051
1.821 0.079796
1.826 0.080608
1.831 0.081324
1.836 0.082
1.841 0.082718
1.846 0.083604
1.851 0.084713
1.856 0.085655
1.861 0.086512
1.866 0.087484
1.871 0.088882
1.876 0.089987
1.881 0.090969
1.886 0.092571
1.891 0.093948
1.896 0.095429
1.901 0.096642
1.906 0.113392
1.911 0.105209
1.916 0.122971
1.921 0.126151
1.926 0.123613
1.931 0.133037
1.936 0.134014
1.941 0.129036
1.946 0.142734
1.951 0.139183
1.956 0.154862
1.961 0.153491
1.966 0.150395
1.971 0.169645
1.976 0.156572
1.981 0.174744
1.986 0.177878
1.991 0.173646
1.996 0.185694
2.001 0.181499
2.006 0.185835
2.011 0.17067
2.016 0.188849
2.021 0.204306
2.026 0.190221
2.031 0.182948
2.036 0.185167
2.041 0.184714
2.046 0.172394
2.051 0.178369
2.056 0.1784
2.061 0.172555
2.066 0.171877
2.071 0.171393
2.076 0.15655
2.081 0.106662
2.086 0.103513
2.091 0.103868
2.096 0.160143
2.101 0.105952
2.106 0.099479
2.111 0.097046
2.116 0.094972
2.121 0.092897
2.126 0.090752
2.131 0.088241
2.136 0.085062
2.141 0.081371
2.146 0.078415
2.151 0.076137
2.156 0.074297
2.161 0.07246
2.166 0.070477
2.171 0.06824
2.176 0.065772
2.181 0.063339
2.186 0.060989
2.191 0.058714
2.196 0.056519
2.201 0.054435
2.206 0.052396
2.211 0.05031
2.216 0.048344
2.221 0.047172
2.226 0.047607
2.231 0.049713
2.236 0.052091
2.241 0.052729
2.246 0.052627
2.251 0.053287
2.256 0.057165
2.261 0.069548
2.266 0.442298
2.271 0.440511
2.276 0.18275
2.281 0.076649
2.286 0.071898
2.291 0.071237
2.296 0.076326
2.301 0.412118
2.306 0.457685
2.311 0.458413
2.316 0.233538
2.321 0.085108
2.326 0.455287
2.331 0.461378
2.336 0.45979
2.341 0.457338
2.346 0.462589
2.351 0.463624
2.356 0.412876
2.361 0.464855
2.366 0.465429
2.371 0.464087
2.376 0.463607
2.381 0.465208
2.386 0.407499
2.391 0.466299
2.396 0.466673
2.401 0.466864
2.406 0.467103
2.411 0.467369
2.416 0.467473
2.421 0.467893
2.426 0.468025
2.431 0.468235
2.436 0.468493
2.441 0.468655
2.446 0.468867
2.451 0.468172
2.456 0.469215
2.461 0.469381
2.466 0.469706
2.471 0.469833
2.476 0.470037
2.481 0.470226
2.486 0.470411
2.491 0.470571
2.496 0.470762
2.501 0.470933
2.506 0.471108
2.511 0.471279
2.516 0.471453
2.521 0.471614
2.526 0.471793
2.531 0.47196
2.536 0.472124
2.541 0.472291
2.546 0.472446
2.551 0.472603
2.556 0.472758
2.561 0.472912
2.566 0.473067
2.571 0.47322
2.576 0.473377
2.581 0.473584
2.586 0.473612
2.591 0.473778
2.596 0.473925
2.601 0.474069
2.606 0.474209
2.611 0.474352
2.616 0.474487
2.621 0.474622
2.626 0.474755
2.631 0.474887
2.636 0.47502
2.641 0.475148
2.646 0.475279
2.651 0.475405
2.656 0.475531
2.661 0.475655
2.666 0.475779
2.671 0.475901
2.676 0.476022
2.681 0.476142
2.686 0.47626
2.691 0.476378
2.696 0.476495
2.701 0.47661
2.706 0.476725
2.711 0.476838
2.716 0.476951
2.721 0.477062
2.726 0.477173
2.731 0.477282
2.736 0.477391
2.741 0.477498
2.746 0.477605
2.751 0.477711
2.756 0.477816
2.761 0.47792
2.766 0.478023
2.771 0.478125
2.776 0.478227
2.781 0.478328
2.786 0.478427
2.791 0.478526
2.796 0.478625
2.801 0.478722
2.806 0.478819
2.811 0.478914
2.816 0.47901
2.821 0.479104
2.826 0.479197
2.831 0.47929
2.836 0.479382
2.841 0.479474
2.846 0.479565
2.851 0.479655
2.856 0.479744
2.861 0.479833
2.866 0.479921
2.871 0.480008
2.876 0.480095
2.881 0.480181
2.886 0.480266
2.891 0.480351
2.896 0.480435
2.901 0.480519
2.906 0.480601
2.911 0.480684
2.916 0.480765
2.921 0.480847
2.926 0.480927
2.931 0.481007
2.936 0.481087
2.941 0.481165
2.946 0.481244
2.951 0.481321
2.956 0.481399
2.961 0.481475
2.966 0.481551
2.971 0.481627
2.976 0.481702
2.981 0.481777
2.986 0.481851
2.991 0.481924
2.996 0.481997
3.001 0.48207
3.006 0.482142
3.011 0.482213
3.016 0.482284
3.021 0.482355
3.026 0.482425
3.031 0.482495
3.036 0.482564
3.041 0.482633
3.046 0.482701
3.051 0.482769
3.056 0.482836
3.061 0.482903
3.066 0.48297
3.071 0.483036
3.076 0.483102
3.081 0.483167
3.086 0.483232
3.091 0.483296
3.096 0.483361
3.101 0.483424
3.106 0.483487
3.111 0.48355
3.116 0.483613
3.121 0.483675
3.126 0.483736
3.131 0.483798
3.136 0.483859
3.141 0.483919
3.146 0.483979
3.151 0.484039
3.156 0.484099
3.161 0.484158
3.166 0.484216
3.171 0.484275
3.176 0.484333
3.181 0.48439
3.186 0.484448
3.191 0.484505
3.196 0.484561
3.201 0.484618
3.206 0.484674
3.211 0.484729
3.216 0.484784
3.221 0.484839
3.226 0.484894
3.231 0.484948
3.236 0.485002
3.241 0.485056
3.246 0.48511
3.251 0.485163
3.256 0.485215
3.261 0.485268
3.266 0.48532
3.271 0.485372
3.276 0.485423
3.281 0.485475
3.286 0.485526
3.291 0.485576
3.296 0.485627
3.301 0.485677
3.306 0.485727
3.311 0.485776
3.316 0.485826
3.321 0.485875
3.326 0.485923
3.331 0.485972
3.336 0.48602
3.341 0.486068
3.346 0.486116
3.351 0.486163
3.356 0.48621
3.361 0.486257
3.366 0.486304
3.371 0.48635
3.376 0.486396
3.381 0.486442
3.386 0.486488
3.391 0.486533
3.396 0.486578
3.401 0.486623
3.406 0.486668
3.411 0.486712
3.416 0.486757
3.421 0.486801
3.426 0.486844
3.431 0.486888
3.436 0.486931
3.441 0.486974
3.446 0.487017
3.451 0.487059
3.456 0.487102
3.461 0.487144
3.466 0.487186
3.471 0.487228
3.476 0.487269
3.481 0.48731
3.486 0.487351
3.491 0.487392
3.496 0.487433
3.501 0.487473
3.506 0.487514
3.511 0.487554
3.516 0.487593
3.521 0.487633
3.526 0.487673
3.531 0.487712
3.536 0.487751
3.541 0.48779
3.546 0.487828
3.551 0.487867
3.556 0.487905
3.561 0.487943
3.566 0.487981
3.571 0.488018
3.576 0.488056
3.581 0.488093
3.586 0.48813
3.591 0.488167
3.596 0.488204
3.601 0.488241
3.606 0.488277
3.611 0.488313
3.616 0.488349
3.621 0.488385
3.626 0.488421
3.631 0.488456
3.636 0.488492
3.641 0.488527
3.646 0.488562
3.651 0.488597
3.656 0.488631
3.661 0.488666
3.666 0.4887
3.671 0.488734
3.676 0.488768
3.681 0.488802
3.686 0.488836
3.691 0.48887
3.696 0.488903
3.701 0.488936
3.706 0.488969
3.711 0.489002
3.716 0.489035
3.721 0.489067
3.726 0.4891
3.731 0.489132
3.736 0.489164
3.741 0.489196
3.746 0.489228
3.751 0.48926
3.756 0.489291
3.761 0.489323
3.766 0.489354
3.771 0.489385
3.776 0.489416
3.781 0.489447
3.786 0.489478
3.791 0.489508
3.796 0.489539
3.801 0.489569
3.806 0.489599
3.811 0.489629
3.816 0.489659
3.821 0.489689
3.826 0.489718
3.831 0.489748
3.836 0.489777
3.841 0.489806
3.846 0.489835
3.851 0.489864
3.856 0.489893
3.861 0.489922
3.866 0.48995
3.871 0.489979
3.876 0.490007
3.881 0.490035
3.886 0.490063
3.891 0.490091
3.896 0.490119
3.901 0.490147
3.906 0.490175
3.911 0.490202
3.916 0.490229
3.921 0.490257
3.926 0.490284
3.931 0.490311
3.936 0.490337
3.941 0.490364
3.946 0.490391
3.951 0.490417
3.956 0.490444
3.961 0.49047
3.966 0.490496
3.971 0.490522
3.976 0.490548
3.981 0.490574
3.986 0.4906
3.991 0.490625
3.996 0.490651
4.001 0.490676
4.006 0.490702
4.011 0.490727
4.016 0.490752
4.021 0.490777
4.026 0.490802
4.031 0.490827
4.036 0.490851
4.041 0.490876
4.046 0.4909
4.051 0.490925
4.056 0.490949
4.061 0.490973
4.066 0.490997
4.071 0.491021
4.076 0.491045
4.081 0.491069
4.086 0.491092
4.091 0.491116
4.096 0.491139
4.101 0.491163
4.106 0.491186
4.111 0.491209
4.116 0.491232
4.121 0.491255
4.126 0.491278
4.131 0.491301
4.136 0.491324
4.141 0.491346
4.146 0.491369
4.151 0.491391
4.156 0.491414
4.161 0.491436
4.166 0.491458
4.171 0.49148
4.176 0.491502
4.181 0.491524
4.186 0.491546
4.191 0.491568
4.196 0.491589
4.201 0.491611
4.206 0.491632
4.211 0.491654
4.216 0.491675
4.221 0.491696
4.226 0.491717
4.231 0.491739
4.236 0.491759
4.241 0.49178
4.246 0.491801
4.251 0.491822
4.256 0.491843
4.261 0.491863
4.266 0.491884
4.271 0.491904
4.276 0.491924
4.281 0.491945
4.286 0.491965
4.291 0.491985
4.296 0.492005
4.301 0.492025
4.306 0.492045
4.311 0.492064
4.316 0.492084
4.321 0.492104
4.326 0.492123
4.331 0.492143
4.336 0.492162
4.341 0.492182
4.346 0.492201
4.351 0.49222
4.356 0.492239
4.361 0.492258
4.366 0.492277
4.371 0.492296
4.376 0.492315
4.381 0.492334
4.386 0.492352
4.391 0.492371
4.396 0.492389
4.401 0.492408
4.406 0.492426
4.411 0.492445
4.416 0.492463
4.421 0.492481
4.426 0.492499
4.431 0.492517
4.436 0.492535
4.441 0.492553
4.446 0.492571
4.451 0.492589
4.456 0.492607
4.461 0.492624
4.466 0.492642
4.471 0.49266
4.476 0.492677
4.481 0.492694
4.486 0.492712
4.491 0.492729
4.496 0.492746
4.501 0.492763
4.506 0.492781
4.511 0.492798
4.516 0.492815
4.521 0.492831
4.526 0.492848
4.531 0.492865
4.536 0.492882
4.541 0.492899
4.546 0.492915
4.551 0.492932
4.556 0.492948
4.561 0.492965
4.566 0.492981
4.571 0.492997
4.576 0.493014
4.581 0.49303
4.586 0.493046
4.591 0.493062
4.596 0.493078
4.601 0.493094
4.606 0.49311
4.611 0.493126
4.616 0.493142
4.621 0.493157
4.626 0.493173
4.631 0.493189
4.636 0.493204
4.641 0.49322
4.646 0.493235
4.651 0.493251
4.656 0.493266
4.661 0.493281
4.666 0.493296
4.671 0.493312
4.676 0.493327
4.681 0.493342
4.686 0.493357
4.691 0.493372
4.696 0.493387
4.701 0.493402
4.706 0.493417
4.711 0.493431
4.716 0.493446
4.721 0.493461
4.726 0.493475
4.731 0.49349
4.736 0.493505
4.741 0.493519
4.746 0.493533
4.751 0.493548
4.756 0.493562
4.761 0.493576
4.766 0.493591
4.771 0.493605
4.776 0.493619
4.781 0.493633
4.786 0.493647
4.791 0.493661
4.796 0.493675
4.801 0.493689
4.806 0.493703
4.811 0.493717
4.816 0.49373
4.821 0.493744
4.826 0.493758
4.831 0.493771
4.836 0.493785
4.841 0.493799
4.846 0.493812
4.851 0.493826
4.856 0.493839
4.861 0.493852
4.866 0.493866
4.871 0.493879
4.876 0.493892
4.881 0.493905
4.886 0.493918
4.891 0.493932
4.896 0.493945
4.901 0.493958
4.906 0.493971
4.911 0.493983
4.916 0.493996
4.921 0.494009
4.926 0.494022
4.931 0.494035
4.936 0.494047
4.941 0.49406
4.946 0.494073
4.951 0.494085
4.956 0.494098
4.961 0.49411
4.966 0.494123
4.971 0.494135
4.976 0.494148
4.981 0.49416
4.986 0.494172
4.991 0.494185
4.996 0.494197
